000000
000007
000010
000011
000043
000049
000051
000054
000060
000068
000070
000073
000074
000085
000087
000091
000100
000103
000105
000109
000114
000119
000127
000130
000142
000144
000145
000146
000149
000150
000154
000157
000162
000164
000177
000179
000189
000193
000200
000206
000208
000209
000214
000217
000221
000228
000232
000245
000254
000264
000271
000274
000275
000277
000286
000287
000288
000292
000294
000295
000298
000303
000306
000310
000316
000317
000325
000330
000331
000337
000339
000342
000348
000364
000368
000371
000380
000384
000412
000423
000424
000435
000442
000445
000449
000460
000461
000462
000464
000465
000471
000484
000487
000490
000501
000502
000505
000514
000518
000520
000522
000529
000532
000535
000553
000575
000585
000596
000598
000599
000608
000622
000632
000633
000638
000646
000663
000671
000675
000685
000695
000701
000703
000705
000712
000713
000720
000726
000742
000743
000744
000755
000760
000763
000764
000770
000780
000784
000787
000788
000789
000796
000797
000799
000808
000825
000827
000830
000846
000855
000860
000861
000868
000870
000883
000886
000892
000902
000906
000910
000913
000919
000924
000925
000936
000937
000947
000955
000957
000959
000965
000972
000982
000987
000992
000998
001003
001029
001031
001033
001034
001036
001040
001045
001049
001057
001061
001062
001091
001100
001112
001124
001160
001161
001168
001169
001171
001174
001184
001196
001204
001205
001208
001211
001220
001233
001238
001256
001262
001279
001283
001290
001300
001310
001311
001319
001322
001323
001325
001328
001340
001348
001351
001354
001357
001358
001360
001366
001368
001370
001371
001378
001394
001396
001404
001405
001406
001409
001422
001423
001425
001426
001428
001433
001444
001449
001454
001455
001464
001467
001468
001496
001504
001509
001519
001523
001529
001531
001540
001543
001544
001548
001558
001566
001568
001570
001571
001572
001580
001608
001609
001611
001618
001622
001624
001632
001636
001644
001648
001655
001661
001672
001674
001676
001677
001692
001696
001700
001716
001720
001725
001738
001748
001760
001763
001766
001770
001777
001779
001785
001788
001790
001792
001796
001811
001819
001827
001830
001837
001849
001864
001870
001873
001874
001879
001895
001902
001908
001910
001911
001912
001915
001916
001918
001921
001948
001951
001957
001958
001962
001963
001964
001970
001971
001974
001981
001987
001988
001992
001994
001998
002003
002005
002006
002007
002015
002016
002023
002024
002030
002059
002063
002065
002080
002084
002088
002092
002095
002096
002110
002114
002117
002133
002144
002147
002149
002156
002157
002164
002167
002171
002175
002176
002178
002180
002181
002189
002194
002199
002210
002211
002226
002227
002247
002249
002264
002267
002269
002271
002275
002285
002288
002289
002296
002301
002309
002317
002322
002324
002339
002342
002351
002360
002375
002379
002388
002400
002402
002403
002408
002410
002416
002435
002444
002456
002465
002471
002480
002485
002487
002493
002494
002496
002501
002507
002508
002510
002512
002514
002517
002524
002535
002536
002537
002549
002551
002554
002560
002571
002595
002605
002609
002616
002617
002618
002634
002643
002648
002649
002652
002654
002671
002689
002691
002703
002716
002718
002723
002731
002734
002738
002739
002754
002762
002769
002771
002774
002780
002781
002788
002792
002798
002799
002813
002816
002822
002829
002837
002838
002842
002843
002851
002857
002860
002864
002868
002870
002888
002897
002898
002904
002906
002915
002918
002920
002923
002927
002933
002939
002943
002952
002954
002956
002973
002986
003002
003008
003009
003013
003014
003015
003017
003018
003020
003028
003057
003059
003078
003084
003085
003095
003105
003115
003120
003121
003122
003130
003140
003147
003149
003155
003157
003158
003163
003164
003166
003171
003178
003185
003193
003195
003206
003235
003237
003238
003244
003249
003256
003258
003260
003264
003267
003277
003282
003286
003287
003289
003294
003307
003309
003311
003321
003329
003333
003336
003339
003349
003356
003359
003369
003377
003380
003387
003390
003391
003398
003437
003438
003442
003454
003455
003459
003472
003476
003494
003498
003510
003512
003514
003516
003518
003526
003533
003534
003540
003548
003555
003556
003560
003564
003576
003585
003586
003587
003589
003591
003602
003603
003615
003617
003619
003626
003628
003641
003642
003644
003646
003663
003664
003670
003675
003686
003687
003694
003696
003700
003706
003709
003713
003722
003725
003740
003744
003758
003759
003765
003766
003770
003774
003784
003786
003790
003797
003801
003819
003823
003838
003849
003858
003861
003862
003876
003887
003912
003921
003922
003927
003929
003939
003947
003954
003955
003963
003967
003971
003974
003978
003979
003989
003993
003995
003997
004012
004014
004019
004022
004024
004035
004039
004053
004057
004058
004073
004086
004088
004090
004093
004094
004099
004103
004106
004114
004127
004139
004144
004147
004165
004170
004176
004177
004179
004186
004192
004194
004197
004212
004218
004219
004229
004230
004233
004235
004240
004247
004252
004261
004265
004268
004273
004274
004283
004287
004292
004297
004304
004308
004325
004328
004332
004346
004347
004351
004358
004361
004371
004378
004379
004382
004389
004400
004410
004411
004417
004428
004431
004436
004442
004446
004449
004459
004484
004488
004499
004503
004509
004512
004514
004515
004524
004536
004537
004543
004546
004552
004558
004561
004564
004580
004583
004584
004594
004595
004597
004602
004604
004605
004613
004619
004627
004637
004639
004646
004662
004674
004690
004696
004704
004712
004723
004729
004731
004733
004736
004747
004749
004755
004757
004772
004780
004786
004793
004796
004802
004818
004827
004836
004837
004844
004854
004855
004857
004866
004869
004870
004872
004877
004882
004884
004897
004901
004906
004908
004912
004915
004923
004939
004940
004945
004950
004955
004964
004965
004967
004968
004972
004973
004977
005005
005007
005011
005023
005027
005030
005031
005035
005039
005043
005044
005059
005061
005083
005084
005085
005092
005097
005098
005102
005104
005106
005107
005114
005115
005116
005119
005131
005137
005142
005165
005171
005196
005203
005207
005208
005211
005228
005231
005235
005239
005245
005248
005258
005259
005263
005270
005278
005281
005286
005294
005300
005301
005314
005317
005324
005348
005353
005356
005358
005370
005380
005383
005395
005403
005408
005417
005418
005419
005428
005433
005436
005439
005462
005469
005485
005496
005504
005517
005518
005519
005524
005526
005533
005539
005541
005553
005554
005567
005568
005579
005598
005604
005608
005612
005621
005622
005637
005647
005654
005661
005663
005665
005666
005670
005671
005682
005686
005688
005690
005692
005693
005696
005711
005718
005719
005733
005750
005766
005769
005770
005771
005773
005778
005779
005791
005804
005808
005813
005817
005823
005824
005825
005835
005836
005837
005838
005846
005847
005849
005853
005866
005880
005888
005890
005891
005895
005898
005902
005915
005920
005924
005928
005934
005937
005945
005950
005954
005959
005964
005980
005991
006006
006011
006019
006021
006035
006051
006053
006065
006076
006082
006089
006092
006094
006109
006158
006159
006160
006164
006166
006174
006179
006184
006189
006201
006211
006214
006221
006224
006226
006231
006234
006236
006242
006256
006257
006261
006262
006268
006277
006284
006292
006293
006294
006298
006299
006303
006308
006313
006328
006337
006341
006352
006358
006361
006362
006378
006382
006390
006400
006412
006414
006422
006431
006449
006458
006460
006467
006471
006476
006479
006480
006492
006500
006502
006511
006522
006528
006536
006539
006546
006552
006564
006572
006573
006575
006579
006585
006589
006600
006605
006608
006617
006627
006635
006639
006642
006645
006652
006653
006657
006661
006690
006700
006704
006717
006722
006728
006749
006750
006766
006776
006779
006795
006799
006801
006802
006809
006810
006814
006825
006827
006830
006835
006838
006842
006859
006861
006878
006886
006892
006894
006904
006911
006912
006916
006919
006923
006926
006929
006932
006935
006941
006951
006952
006957
006969
006985
007004
007017
007018
007021
007036
007045
007046
007070
007073
007075
007077
007092
007094
007099
007118
007121
007123
007126
007129
007147
007150
007156
007159
007179
007185
007188
007189
007192
007203
007206
007223
007231
007237
007254
007264
007269
007285
007286
007301
007308
007320
007321
007324
007333
007334
007338
007355
007362
007363
007366
007368
007372
007387
007393
007406
007408
007414
007427
007431
007446
007451
007452
007465
007476
